key
5.81675,6.90775,3.3851875,1.39375,3.9933125,0.724875,0.723785305375,
0.462641844257923,-0.570399652425186,0.172706732997198,0.350279094139015,0.147414180056077,0.666536530324908,-0.172072769382862,
0.523475555555556,2.10914765432099,1.20670320987654,2.10112592592593,1.4994962962963,1.13450765432099,1.84844148148148,0.0833298765432098,0.753475555555556,
2.00619689185066,0.349936171406377,0.0206592889944748,0.138255152043167,0.0247616069209006,0.0700795993994401,0.0170275975163834,0.0611868386452903,0.0146968188570063,3.35060156566784E-07,0.00554534480482524,1.78307387469473,0.0766606653688939,0.343318163725929,0.380372677093021,0.0419363283673228,0.349936171406377,2.00619689185066,0.278930964226526,0.282841474818884,0.0722462048301874,0.987856515136992,0.232983723171395,0.389680270938136,0.0514645956956462,0.000118036129228767,0.0205704780873939,0.401876058753486,0.364947980487381,1.12698476533109,0.570535523097609,0.0953898672375585,0.0206592889944748,0.278930964226526,2.00619689185066,0.331212246177106,0.703838300317784,1.16186411267993,1.53478910729805,0.911041807743222,0.847785039415237,0.00116809893413535,0.334104287481285,0.025772695827498,0.571419794298575,0.0495578634078549,0.0108785419413861,0.491459766419337,0.138255152043167,0.282841474818884,0.331212246177106,2.00619689185066,0.17881075637665,0.363800015824688,0.33485491228416,0.847092911138472,0.330205672471354,0.00171278845846816,0.673233436664746,0.14726013603846,1.22919972829735,0.14683026286181,0.0879847486003063,0.319172976793598,0.0247616069209006,0.0722462048301874,0.703838300317784,0.17881075637665,2.00619689185066,0.277255729546249,0.779781218853455,0.643409343554482,0.889652222688481,3.5719266885159E-05,0.302301299000063,0.0307983681675252,0.277132235282814,0.00915800937826666,0.00178390381324227,0.274056760264684,0.0700795993994401,0.987856515136992,1.16186411267993,0.363800015824688,0.277255729546249,2.00619689185066,1.00779641476602,0.868973935492051,0.266977608202766,0.000908722696607226,0.107107993263843,0.0858312737035152,0.583454973176199,0.297855912714663,0.0878684526543311,0.242342230802642,0.0170275975163834,0.232983723171395,1.53478910729805,0.33485491228416,0.779781218853455,1.00779641476602,2.00619689185066,1.23443836967351,0.616284796712052,0.000579678867090234,0.347985345218084,0.0215256655471512,0.450926792965615,0.0313147660798633,0.00635570024621671,0.234408104012664,0.0611868386452903,0.389680270938136,0.911041807743222,0.847092911138472,0.643409343554482,0.868973935492051,1.23443836967351,2.00619689185066,0.445490825946833,0.000737489701460769,0.492225443673466,0.073415758452641,0.848338593632166,0.0856381085585562,0.0251626787708454,0.187984804279494,0.0146968188570063,0.0514645956956462,0.847785039415237,0.330205672471354,0.889652222688481,0.266977608202766,0.616284796712052,0.445490825946833,2.00619689185066,0.000765906046295278,0.797978060255714,0.0173569132978101,0.517214263632342,0.0106893817220142,0.00270856690102957,0.817770496727615,3.35060156566784E-07,0.000118036129228767,0.00116809893413535,0.00171278845846816,3.5719266885159E-05,0.000908722696607226,0.000579678867090234,0.000737489701460769,0.000765906046295278,2.00619689185066,0.00398650221351035,4.14623501482743E-07,0.00818957424061188,0.000129322223149809,3.2425420980472E-05,0.000493359959208872,0.00554534480482524,0.0205704780873939,0.334104287481285,0.673233436664746,0.302301299000063,0.107107993263843,0.347985345218084,0.492225443673466,0.797978060255714,0.00398650221351035,2.00619689185066,0.00626968465632338,0.612789352306429,0.00487664194910552,0.00159208488357053,0.289581862139718,1.78307387469473,0.401876058753486,0.025772695827498,0.14726013603846,0.0307983681675252,0.0858312737035152,0.0215256655471512,0.073415758452641,0.0173569132978101,4.14623501482743E-07,0.00626968465632338,2.00619689185066,0.0864439522214753,0.371637817608052,0.384600063742165,0.0461328439669985,0.0766606653688939,0.364947980487381,0.571419794298575,1.22919972829735,0.277132235282814,0.583454973176199,0.450926792965615,0.848338593632166,0.517214263632342,0.00818957424061188,0.612789352306429,0.0864439522214753,2.00619689185066,0.202840906378786,0.0869440072636464,0.536751286211187,0.343318163725929,1.12698476533109,0.0495578634078549,0.14683026286181,0.00915800937826666,0.297855912714663,0.0313147660798633,0.0856381085585562,0.0106893817220142,0.000129322223149809,0.00487664194910552,0.371637817608052,0.202840906378786,2.00619689185066,1.43038371479217,0.0367349799335959,0.380372677093021,0.570535523097609,0.0108785419413861,0.0879847486003063,0.00178390381324227,0.0878684526543311,0.00635570024621671,0.0251626787708454,0.00270856690102957,3.2425420980472E-05,0.00159208488357053,0.384600063742165,0.0869440072636464,1.43038371479217,2.00619689185066,0.0155389322036193,0.0419363283673228,0.0953898672375585,0.491459766419337,0.319172976793598,0.274056760264684,0.242342230802642,0.234408104012664,0.187984804279494,0.817770496727615,0.000493359959208872,0.289581862139718,0.0461328439669985,0.536751286211187,0.0367349799335959,0.0155389322036193,2.00619689185066,
2.37890307832016,0.013178393820506,0.000982106883307849,-0.0163407090558675,0.00189945229411636,-0.000897791833967591,-0.00367812596875799,0.00781860751560941,-0.000284559844605799,-1.37809818391263E-05,0.00250162437199606,-2.10778638115473,0.00489129520183032,0.0250774679099743,-0.0681292198733506,-0.00146485532011939,0.0131783938205059,1.07616095876191,0.155912024529145,-0.0246442115528006,-0.0204725542733501,-0.539366213575194,0.0859785269541177,-0.0510211915187179,-0.0236408580797171,0.000123684289639131,0.0117680286983111,-0.12141605307631,0.0016407195319437,-0.649308932098138,0.201892626478949,-0.00241578225987283,0.000982106883307811,0.155912024529145,1.63475909032278,0.0134369182733413,-0.0244995804724707,-0.515919106704053,-0.986969589281216,0.17148460041237,-0.304174702554447,-3.80924737575249E-05,0.0499529474269841,-0.0125298229595088,-0.106619774330182,-0.0245367811551403,-0.00472987610099293,-0.0990428010181011,-0.0163407090558676,-0.0246442115528007,0.0134369182733412,0.892012365484308,0.0261367615934398,0.0354752920688282,0.0719985841695974,-0.231357841916257,0.0368816764621266,0.00134429090899147,-0.140962438218525,-0.0207256072581063,-0.439824494607009,0.013270332028658,-0.0142394760587228,-0.0149508004626016,0.00189945229411636,-0.0204725542733501,-0.0244995804724706,0.0261367615934398,0.700635806278143,0.0771712627626417,-0.151068286483782,-0.117158795126045,-0.273002453085203,1.05150282810742E-05,0.0425775758082577,-0.00694570790232552,0.00835932692915735,0.00274932329032124,0.00150996736645917,0.0293711131160766,-0.000897791833967517,-0.539366213575194,-0.515919106704053,0.0354752920688281,0.0771712627626417,1.13579337036619,-0.081260758169935,-0.144573983415278,0.106039805647288,0.000113857559347849,0.044093883285237,0.0449540621195834,-0.0950464408885478,0.161590350963701,-0.0127824399403535,-0.00634817260326938,-0.00367812596875801,0.0859785269541179,-0.986969589281216,0.0719985841695974,-0.151068286483782,-0.0812607581699352,1.64627940338804,-0.590090450197496,0.0657754986944951,-0.000179119165907405,-0.0493775039243658,0.00142204944149368,0.129039902829655,-0.0311192721608544,8.11196730013685E-05,0.0660320208244335,0.00781860751560943,-0.0510211915187179,0.17148460041237,-0.231357841916257,-0.117158795126045,-0.144573983415278,-0.590090450197496,1.06033470373122,0.030345876673567,0.000688865687042385,-0.0508826316270498,-0.00776130843683274,-0.162361637857208,0.0506910274309259,-0.0106609417460935,0.0378686178726995,-0.000284559844605791,-0.0236408580797171,-0.304174702554447,0.0368816764621266,-0.273002453085203,0.106039805647288,0.0657754986944951,0.030345876673567,0.914223242504429,0.000484843816794442,-0.260133175504231,0.00337082106993211,-0.045256275091484,0.00528316750535167,0.000193388687549298,-0.239445098368355,-1.37809818391265E-05,0.000123684289639131,-3.80924737575249E-05,0.00134429090899147,1.05150282810742E-05,0.000113857559347849,-0.000179119165907404,0.000688865687042385,0.000484843816794442,0.498468369225885,-0.000875719157080581,-2.48553994945102E-05,-0.00311976828360504,0.000111699690850756,-5.49396238756129E-05,0.000370885612760471,0.00250162437199606,0.0117680286983111,0.0499529474269842,-0.140962438218525,0.0425775758082577,0.044093883285237,-0.0493775039243658,-0.0508826316270498,-0.260133175504231,-0.000875719157080581,0.667142256948103,0.00655681308198234,-0.0628784259821685,0.0022956755316933,0.000295117987036756,0.0353381510972656,-2.10778638115473,-0.12141605307631,-0.0125298229595088,-0.0207256072581063,-0.00694570790232552,0.0449540621195834,0.00142204944149367,-0.00776130843683271,0.00337082106993213,-2.48553994945104E-05,0.00655681308198234,2.40149381444707,0.00661611104575726,-0.00312821346232447,-0.0251244399286219,-0.00678215802649183,0.00489129520183036,0.00164071953194377,-0.106619774330182,-0.439824494607009,0.00835932692915737,-0.0950464408885479,0.129039902829655,-0.162361637857207,-0.0452562750914841,-0.00311976828360504,-0.0628784259821685,0.0066161110457572,0.929964475678535,-0.0591409049744566,0.0258472661125363,-0.114166541238245,0.0250774679099743,-0.649308932098138,-0.0245367811551403,0.013270332028658,0.00274932329032122,0.161590350963701,-0.0311192721608543,0.0506910274309259,0.00528316750535168,0.000111699690850756,0.00229567553169329,-0.00312821346232444,-0.0591409049744566,1.45334244382288,-0.861272139096333,0.00670857866012863,-0.0681292198733505,0.201892626478949,-0.00472987610099295,-0.0142394760587228,0.00150996736645918,-0.0127824399403535,8.11196730013845E-05,-0.0106609417460935,0.000193388687549295,-5.49396238756128E-05,0.000295117987036759,-0.0251244399286221,0.0258472661125363,-0.861272139096333,1.07307836698198,-0.00142397964357785,-0.00146485532011941,-0.00241578225987284,-0.0990428010181011,-0.0149508004626016,0.0293711131160766,-0.00634817260326936,0.0660320208244335,0.0378686178726995,-0.239445098368355,0.000370885612760471,0.0353381510972657,-0.00678215802649181,-0.114166541238245,0.00670857866012864,-0.00142397964357786,0.633824379428228,
values
7.354,8.14,5.049,1.945,6.219,0,1.145601891,
5.684,8.262,4.028,2.357,4.01,1.099,0.989045408,
4.477,6.455,3.054,1.157,4.185,1.946,1.609504577,
6.731,6.541,2.265,1.788,4.149,0,0.593879179,
4.248,6.135,3.495,0.285,5.768,0,-0.310154929,
4.804,7.342,3.391,2.034,3.804,1.792,0.352298715,
4.22,6.468,2.442,1.723,4.584,1.386,0.172832231,
4.97,6.72,2.242,2.047,4.54,0,0.682086233,
5.182,5.435,3.643,0.157,4.618,1.099,1.109662125,
5.704,5.43,1.559,1.153,-2.3,0.693,0.304047426,
5.892,5.161,1.727,0.844,4.093,0,1.001489356,
7.2,8.14,5.049,1.945,6.178,0,1.113281939,
6.073,6.665,2.881,0.828,3.258,0,-0.422102749,
6.675,8.577,4.816,2.391,3.135,0.693,0.87073533,
7.624,8.771,4.879,2.582,3.258,0.693,0.653539726,
6.23,6.282,3.643,-0.936,4.394,2.197,1.714818428,
key
3.19689473684211,3.25063157894737,0.731947368421053,-1.00578947368421,2.97942105263158,0.702105263157895,0.190244366052632,
0.06910608490104,-0.39956325380857,0.118715646148845,0.299822765481733,0.462423017684681,0.44640831318925,-0.208556341769327,
0.236,1.624,1.19084,1.368,1.276,1.624,1.924,0.392,0.692,
2.00619689185066,0.950219473970457,0.000101868673509145,0.0196076943779762,1.65120008719675E-13,9.3061202351116E-12,1.09893064486474E-05,0.00907948309402077,0.0195180230682726,5.19484938747839E-05,1.30612147126902E-06,1.02030710775134E-06,3.72151194639353E-14,1.77482649913536E-08,0.000178533886144197,2.71948384546516E-10,1.64266022058683E-12,1.06333215024297E-05,7.20797458200243E-15,0.950219473970457,2.00619689185066,0.00165944236272332,0.179665442257325,6.09533900867282E-11,1.17557294181351E-09,0.00067173016410102,0.0834492169055944,0.075300737957374,0.00121166012351205,4.51068929156531E-05,1.77480852402778E-05,5.12142242821294E-12,9.72383411870388E-07,0.00124014984750438,6.52652773868246E-09,2.49254160276118E-10,0.000327790040759474,1.40013095157932E-12,0.000101868673509145,0.00165944236272332,2.00619689185066,0.122301691835021,0.00506235266047201,0.0170801465078033,0.410623248162174,0.0362273970543816,0.148787603524773,0.324715410358803,0.507721442865784,0.352026490769637,0.00291446314583224,0.358623319298724,0.864694247380879,0.0441670515506563,0.0165439315104937,1.48191986681575,0.00112795165175875,0.0196076943779762,0.179665442257325,0.122301691835021,2.00619689185066,3.09089419098772E-06,4.74444698389423E-05,0.0990587363788021,0.76449757991244,0.115546651690022,0.225055785079887,0.0306971988198027,0.000976898204065521,3.04898688884738E-07,0.00246443251508351,0.0562511025730737,1.90592773402621E-05,2.58425364342062E-06,0.0589617268003219,2.13055048321169E-08,1.65120008719675E-13,6.09533900867282E-11,0.00506235266047201,3.09089419098772E-06,2.00619689185066,0.651042010423859,0.00608390643481511,1.75076424482884E-06,8.73642378329937E-07,0.00242588312123469,0.0461512208806092,0.00268900600773729,0.615416987339523,0.302211258848443,0.00101324597643952,0.0428706021513321,0.569733044229398,0.0268175396813721,0.187136728222159,9.3061202351116E-12,1.17557294181351E-09,0.0170801465078033,4.74444698389423E-05,0.651042010423859,2.00619689185066,0.00599437817932145,3.10690418433603E-05,4.53495767245852E-06,0.0208450781741954,0.199168557007683,0.00209634938257995,0.514216122665197,0.72358754447925,0.00903464466026984,0.136506506198907,0.168471813055775,0.0521886430227887,0.0246603908423415,1.09893064486474E-05,0.00067173016410102,0.410623248162174,0.0990587363788021,0.00608390643481511,0.00599437817932145,2.00619689185066,0.0349782981523154,0.0579696910810302,0.223352739187447,0.260986877086117,0.062657970067556,0.000578388783414337,0.0784602956002704,0.0653362338053066,0.00250019521597677,0.00499457917362505,0.6377738155438,0.000263140633034335,0.00907948309402077,0.0834492169055944,0.0362273970543816,0.76449757991244,1.75076424482884E-06,3.10690418433603E-05,0.0349782981523154,2.00619689185066,0.033659129979642,0.406157064674516,0.0388208143025667,0.000160853299505643,1.10599084884877E-07,0.00116055487700939,0.0495297643161156,7.70877224292045E-06,4.38355309990417E-07,0.0218082987246637,3.69918369307976E-09,0.0195180230682726,0.075300737957374,0.148787603524773,0.115546651690022,8.73642378329937E-07,4.53495767245852E-06,0.0579696910810302,0.033659129979642,2.00619689185066,0.0181303667856166,0.00914975986440184,0.0553292596315156,5.60557243050646E-07,0.000762891772494986,0.111100107041148,0.000225556062702723,9.07078325417034E-06,0.0590091655296886,4.218251161956E-07,5.19484938747839E-05,0.00121166012351205,0.324715410358803,0.225055785079887,0.00242588312123469,0.0208450781741954,0.223352739187447,0.406157064674516,0.0181303667856166,2.00619689185066,0.97776748115917,0.00590719009835742,0.000412184064255474,0.144920431458445,0.372210027841448,0.00432774428604118,0.000592753487219375,0.368658405944699,1.62951006198225E-05,1.30612147126902E-06,4.51068929156531E-05,0.507721442865784,0.0306971988198027,0.0461512208806092,0.199168557007683,0.260986877086117,0.0388208143025667,0.00914975986440184,0.97776748115917,2.00619689185066,0.0413051885808396,0.0182909005575703,0.723656455470129,0.502030933392043,0.0849911786214539,0.0193299626482474,0.779632570532761,0.00136201131009278,1.02030710775134E-06,1.77480852402778E-05,0.352026490769637,0.000976898204065521,0.00268900600773729,0.00209634938257995,0.062657970067556,0.000160853299505643,0.0553292596315156,0.00590719009835742,0.0413051885808396,2.00619689185066,0.00495184341242633,0.0642721484775126,0.137086892741641,0.104039234614749,0.0510123374607203,0.35675592743809,0.0183810744458567,3.72151194639353E-14,5.12142242821294E-12,0.00291446314583224,3.04898688884738E-07,0.615416987339523,0.514216122665197,0.000578388783414337,1.10599084884877E-07,5.60557243050646E-07,0.000412184064255474,0.0182909005575703,0.00495184341242633,2.00619689185066,0.20848763560719,0.00134606245892974,0.326436005848045,0.724183302161317,0.010463373946843,0.416035971062739,1.77482649913536E-08,9.72383411870388E-07,0.358623319298724,0.00246443251508351,0.302211258848443,0.72358754447925,0.0784602956002704,0.00116055487700939,0.000762891772494986,0.144920431458445,0.723656455470129,0.0642721484775126,0.20848763560719,2.00619689185066,0.178842958392295,0.260500625993196,0.279127457088241,0.637228010579638,0.0345263175320889,0.000178533886144197,0.00124014984750438,0.864694247380879,0.0562511025730737,0.00101324597643952,0.00903464466026984,0.0653362338053066,0.0495297643161156,0.111100107041148,0.372210027841448,0.502030933392043,0.137086892741641,0.00134606245892974,0.178842958392295,2.00619689185066,0.0608958481381335,0.00282144446463051,0.566707398045838,0.00020377151537326,2.71948384546516E-10,6.52652773868246E-09,0.0441670515506563,1.90592773402621E-05,0.0428706021513321,0.136506506198907,0.00250019521597677,7.70877224292045E-06,0.000225556062702723,0.00432774428604118,0.0849911786214539,0.104039234614749,0.326436005848045,0.260500625993196,0.0608958481381335,2.00619689185066,0.172650116150166,0.0703704901138442,0.0864105224316825,1.64266022058683E-12,2.49254160276118E-10,0.0165439315104937,2.58425364342062E-06,0.569733044229398,0.168471813055775,0.00499457917362505,4.38355309990417E-07,9.07078325417034E-06,0.000592753487219375,0.0193299626482474,0.0510123374607203,0.724183302161317,0.279127457088241,0.00282144446463051,0.172650116150166,2.00619689185066,0.0517402363032287,1.05313765916475,1.06333215024297E-05,0.000327790040759474,1.48191986681575,0.0589617268003219,0.0268175396813721,0.0521886430227887,0.6377738155438,0.0218082987246637,0.0590091655296886,0.368658405944699,0.779632570532761,0.35675592743809,0.010463373946843,0.637228010579638,0.566707398045838,0.0703704901138442,0.0517402363032287,2.00619689185066,0.00467856712932728,7.20797458200243E-15,1.40013095157932E-12,0.00112795165175875,2.13055048321169E-08,0.187136728222159,0.0246603908423415,0.000263140633034335,3.69918369307976E-09,4.218251161956E-07,1.62951006198225E-05,0.00136201131009278,0.0183810744458567,0.416035971062739,0.0345263175320889,0.00020377151537326,0.0864105224316825,1.05313765916475,0.00467856712932728,2.00619689185066,
0.643570556063305,-0.306912910011251,-0.00169916216351208,0.0203928724922485,5.70505185440022E-06,-2.70405755010196E-05,-0.000843998545423085,0.00266516626261975,0.00418346806513427,-0.00318979579287067,0.00145960592466085,2.60420123558545E-05,1.73305588809828E-05,-0.000273551956436907,1.38340846566316E-05,-1.7784736964262E-05,1.78335607039261E-05,0.000916810716757058,-9.95965087380345E-06,-0.306912910011251,0.649521008108276,0.00529738443184502,-0.0526751522025234,-1.36165316408451E-05,7.86879232796887E-05,0.00243362921518646,-0.0069612523579404,-0.0186866609902871,0.00831927447425102,-0.00386552954888261,7.28561093478271E-05,-4.57800400431002E-05,0.000721438303737825,0.000126091082909029,3.5167166884372E-05,-4.37714107046316E-05,-0.00292382311353628,2.42453459710906E-05,-0.00169916216351208,0.00529738443184502,1.28364859361906,-0.0459513948235954,0.00246405783533289,-0.0176220446043422,0.0299985566408362,0.0177698732192628,-0.048595194258094,-0.0382657978321578,0.104430980408548,-0.0458062666006416,-0.00319347039187401,0.0575992361679609,-0.31480552106497,0.00479677889476452,0.00866802973126686,-0.909862245622532,-0.00332179315756423,0.0203928724922485,-0.0526751522025234,-0.0459513948235954,0.593022237135048,2.54410205829692E-05,-0.000303986750258341,-0.0224323225098488,-0.218236991102244,-0.0256464991282152,-0.0227120203479378,0.010474122558334,0.00428002391036424,0.000248131443005209,-0.00214256600067424,0.00507815051452367,-0.000350842278219149,-0.00018547153131025,0.0253921013355736,2.21585719627358E-05,5.70505185440022E-06,-1.36165316408451E-05,0.00246405783533289,2.54410205829693E-05,0.622888570305615,-0.161102258860605,-0.00153797109271994,0.00029684317531594,-7.88343157080266E-05,-0.0020759267441609,0.00830406300891456,0.00170775350434525,-0.108795243439628,-0.0108588245515864,-0.00160133447698614,0.0272227736174167,-0.147534384597241,-0.00139871973401322,0.0428814725081699,-2.70405755010196E-05,7.86879232796886E-05,-0.0176220446043422,-0.000303986750258341,-0.161102258860605,0.656650443536184,-0.012210647435224,-0.000337741032191606,-0.00058349836207017,0.00117341759294238,-0.00320283098208485,-0.00441539819431867,-0.118519931659082,-0.228018636054257,0.0055526230172814,0.000208044885738535,0.062064213724601,0.0736750499188934,0.00275083752719636,-0.000843998545423085,0.00243362921518646,0.0299985566408362,-0.0224323225098488,-0.00153797109271994,-0.012210647435224,0.564415181385037,0.0067633644948648,-0.0129140470406199,-0.0340456396472416,-0.00344552012401504,0.0129292315901971,0.000171124841588364,0.0475244325502498,0.0340353274137314,-0.000346316892855335,-0.0018991031994091,-0.219639238713055,0.000754033342921101,0.00266516626261975,-0.0069612523579404,0.0177698732192628,-0.218236991102244,0.000296843175315939,-0.000337741032191607,0.0067633644948648,0.606060899886804,0.00254372443512889,-0.126142834871349,0.0564741222987214,-0.00185909352488435,0.000466146741017779,-0.0115212829937349,-0.00380721258701648,-0.000639939344593177,0.00138581458464878,-0.0092345257898846,-0.000631072825926319,0.00418346806513427,-0.0186866609902871,-0.048595194258094,-0.0256464991282152,-7.88343157080265E-05,-0.00058349836207017,-0.0129140470406199,0.00254372443512889,0.504695287048539,0.00303056161031676,0.0028172838216114,-0.00941553961764003,4.12465366989167E-07,-3.75536906307837E-06,-0.0150820885810157,0.00084366869876111,-0.000175773998731613,0.0301606392038762,0.000114872725359784,-0.00318979579287067,0.00831927447425102,-0.0382657978321579,-0.0227120203479378,-0.0020759267441609,0.00117341759294239,-0.0340456396472416,-0.126142834871349,0.00303056161031676,0.707253702361532,-0.361508151627921,0.00670207560040501,-0.00321033461284892,0.0802679804650257,-0.0373533082889145,0.00491735045737269,-0.00962561547877382,0.0355025100369701,0.00442991544556611,0.00145960592466085,-0.00386552954888261,0.104430980408548,0.010474122558334,0.00830406300891456,-0.00320283098208485,-0.00344552012401504,0.0564741222987214,0.00281728382161139,-0.361508151627921,0.846330713737356,0.0226066485645169,0.00651612938867847,-0.215420677286027,-0.104166822156236,-0.00176897401300934,0.0303008401895582,-0.246431065639871,-0.0144609160325956,2.60420123558545E-05,7.2856109347827E-05,-0.0458062666006416,0.00428002391036424,0.00170775350434525,-0.00441539819431866,0.0129292315901971,-0.00185909352488435,-0.00941553961764003,0.00670207560040501,0.0226066485645169,0.520548077080569,0.00727326691419639,0.0121670247821724,-0.00187287370180857,-0.0256374529113688,-0.0146635140867036,-0.0746969840891967,0.00239274429424434,1.73305588809828E-05,-4.57800400431002E-05,-0.00319347039187401,0.00024813144300521,-0.108795243439628,-0.118519931659082,0.000171124841588364,0.000466146741017779,4.12465366989191E-07,-0.00321033461284892,0.00651612938867847,0.00727326691419639,0.640825065250624,0.0260921622642943,0.000612876890260512,-0.0817782669398507,-0.172788725547764,-0.000820039531326445,-0.0275761759808287,-0.000273551956436907,0.000721438303737825,0.0575992361679609,-0.00214256600067424,-0.0108588245515864,-0.228018636054257,0.0475244325502498,-0.0115212829937349,-3.75536906307577E-06,0.0802679804650257,-0.215420677286027,0.0121670247821724,0.0260921622642943,0.726951231322442,0.0108592585920797,-0.0620630596614811,-0.097442032825316,-0.214097354700956,0.0402124529091196,1.38340846566319E-05,0.000126091082909029,-0.314805521064971,0.00507815051452367,-0.00160133447698614,0.00555262301728141,0.0340353274137314,-0.00380721258701648,-0.0150820885810157,-0.0373533082889146,-0.104166822156236,-0.00187287370180858,0.000612876890260511,0.0108592585920797,0.642277797466858,-0.012841225705803,-0.000457703632095887,0.0851870257931399,0.000557316439070624,-1.7784736964262E-05,3.51671668843721E-05,0.00479677889476453,-0.000350842278219149,0.0272227736174167,0.000208044885738542,-0.000346316892855334,-0.000639939344593177,0.00084366869876111,0.00491735045737269,-0.00176897401300934,-0.0256374529113688,-0.0817782669398507,-0.0620630596614811,-0.012841225705803,0.521888614247958,-0.0144498163333414,0.00636453410233542,0.000811520286799763,1.78335607039261E-05,-4.37714107046316E-05,0.00866802973126686,-0.00018547153131025,-0.147534384597241,0.062064213724601,-0.0018991031994091,0.00138581458464878,-0.000175773998731614,-0.00962561547877382,0.0303008401895582,-0.0146635140867036,-0.172788725547764,-0.097442032825316,-0.000457703632095888,-0.0144498163333415,0.808135733502254,-0.000329159910398422,-0.372984114180421,0.000916810716757058,-0.00292382311353628,-0.909862245622532,0.0253921013355736,-0.00139871973401322,0.0736750499188934,-0.219639238713055,-0.00923452578988459,0.0301606392038762,0.0355025100369701,-0.246431065639871,-0.0746969840891968,-0.00082003953132645,-0.214097354700957,0.0851870257931398,0.00636453410233543,-0.000329159910398416,1.38319032908962,0.00113556830062751,-9.95965087380345E-06,2.42453459710906E-05,-0.00332179315756424,2.21585719627357E-05,0.0428814725081699,0.00275083752719636,0.0007540333429211,-0.000631072825926319,0.000114872725359784,0.00442991544556611,-0.0144609160325956,0.00239274429424434,-0.0275761759808287,0.0402124529091196,0.000557316439070624,0.000811520286799769,-0.372984114180421,0.00113556830062752,0.6951954821691,
values
7.838,6.942,3.304,1.836,3.982,0,0.599934799,
6.655,6.773,2.841,1.649,2.747,0.693,-0.628608659,
3.871,3.44,0.732,-0.734,2.715,0,-0.439539088,
3.829,5.881,2.385,0.666,2.874,0,0.105260511,
0,1.284,-1.019,-1.661,1.808,1.386,-0.310154928,
0,2.008,-0.631,-1.63,3.835,0,0.483865442,
2.773,3.954,2.163,-1.127,0.875,1.792,-0.71539279,
3.526,5.963,2.156,1.399,4.162,2.197,1.432462042,
6.182,4.484,3.098,-1.551,2.721,1.099,-0.057276068,
2.303,4.458,1.163,0.102,4.215,1.792,1.563952283,
2.079,3.34,0.775,-0.909,4.007,1.609,0.70425196,
5.05,2.079,0.469,-2.733,1.841,0.693,0.163818085,
0.693,0.373,-0.726,-2.718,3.273,0,0.709676482,
1.792,2.416,-0.58,-0.916,3.231,0,-0.49265832,
4.248,3.314,0.75,-0.514,4.792,0.693,1.193922469,
2.773,1.274,-0.335,-3.689,4.691,0,-0.022245609,
1.792,0.665,-1.127,-2.226,1.335,0,-0.785993731,
3.258,3.26,0.427,-1.03,2.342,0.693,-0.118033067,
2.079,-0.146,-1.938,-3.324,1.163,0.693,0.227401142,
