key
-2.04393076923077,-2.60677692307692,2.11883846153846,2.26921538461538,1,2,1.48736616515385,
-0.119165238047891,0.393301227568563,0.00116216241012923,0.110776153057457,0.335868641191497,0.671737282382994,0.335868641191497,
0.332,1.46,1.568,0.936,0.5808,0.964,0.624,0.152,0.984,
2.72318495934577,2.26081563899496,2.28137152135876,1.90745991270841,2.35815523959517,2.50468064841856,2.31195720959591,2.56855725348414,2.34541034988213,2.48930605340875,2.3265568802306,2.28137152135876,2.54975259083021,2.26081563899496,2.72318495934577,2.42154604883995,2.43120379690792,2.49018408155936,2.21015746438274,2.16445556400971,2.28232248648684,2.39727291292275,2.44521404813416,2.33468582253814,2.42154604883995,2.37576016867817,2.28137152135876,2.42154604883995,2.72318495934577,2.06749441488421,2.25526591390544,2.33835091165888,2.17160477364819,2.30308930572521,2.23807533417222,2.312372243102,2.22606671939658,2.56978495934577,2.32328691081862,1.90745991270841,2.43120379690792,2.06749441488421,2.72318495934577,2.36702773530122,1.82955288239537,1.84553148399241,1.92695917576466,2.19834378580756,2.2138132648495,2.09992517545618,2.06749441488421,2.08312123327027,2.35815523959517,2.49018408155936,2.25526591390544,2.36702773530122,2.72318495934577,2.21156118703804,2.27534768745158,2.37402516194177,2.50423688551751,2.53577779787006,2.43964545045381,2.25526591390544,2.45866351865508,2.50468064841856,2.21015746438274,2.33835091165888,1.82955288239537,2.21156118703804,2.72318495934577,2.17290305480867,2.49759165935592,2.17341335073372,2.36562311260965,2.16362573001234,2.33835091165888,2.47362302975026,2.31195720959591,2.16445556400971,2.17160477364819,1.84553148399241,2.27534768745158,2.17290305480867,2.72318495934577,2.33116066122078,2.46535195925928,2.3423976424373,2.52168985533264,2.17160477364819,2.31831597688466,2.56855725348414,2.28232248648684,2.30308930572521,1.92695917576466,2.37402516194177,2.49759165935592,2.33116066122078,2.72318495934577,2.3669063448267,2.49969104808902,2.3486580945874,2.30308930572521,2.55235344949454,2.34541034988213,2.39727291292275,2.23807533417222,2.19834378580756,2.50423688551751,2.17341335073372,2.46535195925928,2.3669063448267,2.72318495934577,2.49489298047338,2.55673073851944,2.23807533417222,2.41679606904772,2.48930605340875,2.44521404813416,2.312372243102,2.2138132648495,2.53577779787006,2.36562311260965,2.3423976424373,2.49969104808902,2.49489298047338,2.72318495934577,2.44854359683115,2.312372243102,2.54427321546953,2.3265568802306,2.33468582253814,2.22606671939658,2.09992517545618,2.43964545045381,2.16362573001234,2.52168985533264,2.3486580945874,2.55673073851944,2.44854359683115,2.72318495934577,2.22606671939658,2.38151736644564,2.28137152135876,2.42154604883995,2.56978495934577,2.06749441488421,2.25526591390544,2.33835091165888,2.17160477364819,2.30308930572521,2.23807533417222,2.312372243102,2.22606671939658,2.72318495934577,2.32328691081862,2.54975259083021,2.37576016867817,2.32328691081862,2.08312123327027,2.45866351865508,2.47362302975026,2.31831597688466,2.55235344949454,2.41679606904772,2.54427321546953,2.38151736644564,2.32328691081862,2.72318495934577,
4.95462226263374,0.113964111858001,0.0198003619767606,0.398008433864648,-0.328885310623522,-1.27756828247788,-0.2306425666443,-1.48809831823552,-0.110989668644668,-0.798677445300499,-0.0251540010787251,0.0198003619767516,-1.16151582724627,0.113964111858002,4.98070298722813,-0.981075078753613,-1.57432001077161,-0.823614830828397,0.076770776899843,0.323078020746672,0.0610602414295871,-0.381925460746611,-0.510203539853868,-0.182837282995039,-0.981075078753622,-0.256534172187039,0.0198003619767597,-0.981075078753614,4.02878434603913,0.0106060219124231,0.205281680908351,-0.572673920005643,-0.199396332939702,-0.0873117678142731,0.0479278577546681,0.0839221794132985,-0.0657851129091833,-2.49012047795044,0.0395685229960538,0.398008433864651,-1.57432001077161,0.0106060219124233,2.41324019641279,-1.13026638363078,0.0587975304940829,0.458249395579603,0.448927479553702,-0.316665963761141,-0.317286456133848,-0.0776000140380983,0.0106060219124246,-0.0617917071130298,-0.328885310623528,-0.823614830828395,0.20528168090835,-1.13026638363078,5.00352044931533,0.294750355223121,0.201680464477649,-0.355395734379409,-0.955504522600163,-1.12707964075225,-0.551534977756314,0.205281680908343,-0.699650173937275,-1.27756828247788,0.0767707768998435,-0.572673920005644,0.0587975304940846,0.294750355223114,3.62761875747036,-0.11175158926144,-1.0758848165337,0.504522698922407,-0.153042328285056,0.335059880468148,-0.572673920005645,-0.994149875163697,-0.230642566644299,0.323078020746675,-0.199396332939701,0.458249395579606,0.201680464477649,-0.111751589261437,3.34423365850826,-0.270786662429596,-1.2238343665897,0.0385800040081517,-1.96206114693012,-0.199396332939713,0.0159551739673617,-1.48809831823551,0.0610602414295912,-0.0873117678142736,0.4489274795537,-0.355395734379418,-1.07588481653369,-0.270786662429601,5.06945258003028,-0.184155756171272,-0.806205645727806,-0.0852975767021294,-0.0873117678142686,-1.08585113776256,-0.110989668644666,-0.381925460746607,0.0479278577546679,-0.316665963761139,-0.95550452260017,0.504522698922411,-1.2238343665897,-0.184155756171283,4.99778041860725,-0.677062437624753,-1.53390392117371,0.0479278577546735,-0.24497864905714,-0.798677445300499,-0.510203539853877,0.0839221794132989,-0.317286456133843,-1.12707964075225,-0.153042328285057,0.0385800040081643,-0.806205645727804,-0.677062437624744,5.40317342140735,-0.378330381023113,0.0839221794132931,-0.944600096258185,-0.0251540010787269,-0.182837282995045,-0.0657851129091848,-0.0776000140381025,-0.551534977756312,0.335059880468139,-1.96206114693012,-0.0852975767021307,-1.53390392117371,-0.378330381023091,4.68422462086779,-0.065785112909172,-0.0831377482801555,0.0198003619767511,-0.981075078753622,-2.49012047795044,0.0106060219124244,0.205281680908345,-0.572673920005646,-0.199396332939709,-0.0873117678142685,0.0479278577546762,0.0839221794132935,-0.0657851129091803,4.02878434603914,0.0395685229960679,-1.16151582724627,-0.256534172187037,0.0395685229960547,-0.0617917071130312,-0.699650173937266,-0.994149875163699,0.0159551739673615,-1.08585113776256,-0.244978649057151,-0.944600096258185,-0.0831377482801555,0.0395685229960679,5.3698609271968,
values
-1.9141,-2.4456,2.6391,2.5572,1,2,1.620709574,
-2.3669,-2.774,1.7918,2.2534,1,2,1.183253379,
-1.9765,-2.9932,1.9459,2.8046,1,2,1.365684243,
-2.7893,-2.774,1.6094,1.6658,1,2,1.553589079,
-2.3098,-2.4542,1.9459,2.0149,1,2,1.70895069,
-1.9057,-2.724,2.8904,2.6933,1,2,1.374999073,
-1.4767,-2.4737,1.9459,1.8437,1,2,1.50739403,
-1.9081,-2.4499,2.5649,2.5665,1,2,1.605400033,
-1.9517,-2.4263,1.7918,1.8594,1,2,1.328838563,
-2.1448,-2.4413,2.1972,2.2428,1,2,1.544009643,
-1.7878,-2.4563,1.7918,1.7984,1,2,1.44536391,
-1.9765,-2.9932,1.9459,2.8046,1,2,1.542226261,
-2.0632,-2.4824,2.4849,2.3952,1,2,1.555341669,
key
-1.482929,-2.47329,2.07657,2.19036,1,1.1,2.278565134,
0.168045922421412,0.265543653466034,0.402085480749232,-0.153440388369105,1.35756402215814,-0.0267865760328141,1.35756402215814,
0.40376,1.67858666666667,1.57034666666667,0.973022222222223,0.989057777777778,2.01934222222222,1.92312888888889,0.14944,1.12936888888889,
2.72318495934577,2.42060157513699,1.9870989250106,2.06459265863704,2.01323609605495,1.38334633761465,1.24532204366605,1.46628045675523,1.36318591631544,2.2019692035003,2.42060157513699,2.72318495934577,2.20108260661097,2.21365911381993,2.10078063246615,1.46393328009354,1.34824229581057,1.62525562014623,1.37003965808074,2.29020281943457,1.9870989250106,2.20108260661097,2.72318495934577,2.50860280382095,1.87131645043054,2.09697076881074,1.88471654105047,2.14554873790967,1.76260238135356,2.31287081286222,2.06459265863704,2.21365911381993,2.50860280382095,2.72318495934577,1.67731938324327,2.21935627843273,2.09905334671211,2.29470576117121,1.9076650568657,2.37694168382466,2.01323609605495,2.10078063246615,1.87131645043054,1.67731938324327,2.72318495934577,0.967639225032221,0.784871932909668,1.08507867640715,0.873687937340518,1.8893782714652,1.38334633761465,1.46393328009354,2.09697076881074,2.21935627843273,0.967639225032221,2.72318495934577,2.37238463433235,2.25742808465446,2.12463913382955,1.73835214394514,1.24532204366605,1.34824229581057,1.88471654105047,2.09905334671211,0.784871932909668,2.37238463433235,2.72318495934577,2.45720511664512,1.91090747578931,1.77629425914582,1.46628045675523,1.62525562014623,2.14554873790967,2.29470576117121,1.08507867640715,2.25742808465446,2.45720511664512,2.72318495934577,1.79436366882359,2.11991956525807,1.36318591631544,1.37003965808074,1.76260238135356,1.9076650568657,0.873687937340518,2.12463913382955,1.91090747578931,1.79436366882359,2.72318495934577,1.50476766449185,2.2019692035003,2.29020281943457,2.31287081286222,2.37694168382466,1.8893782714652,1.73835214394514,1.77629425914582,2.11991956525807,1.50476766449185,2.72318495934577,
2.09692397432668,-1.27049273491116,0.470690110162501,-0.352697014887534,-0.272967409921584,-0.149327211804791,0.0083194140235257,0.413422363566486,-0.174812819588878,-0.664959014061715,-1.27049273491116,2.77901880555513,-0.503065154714703,-0.733874475511873,-0.361059981217439,0.35621334100181,-0.0271283966871387,0.172284818813256,0.00905868367438702,-0.340317604640115,0.470690110162499,-0.503065154714701,3.35452474683889,-1.73306203874218,-0.655531049103622,-0.80121581272003,0.597428719981186,-0.468258115933928,-0.0288220838247928,-0.336865347158911,-0.352697014887534,-0.733874475511873,-1.73306203874218,4.68227211709901,0.265097630659638,-0.743349336042055,-0.151226505513543,-0.57318976271503,-0.214677676623834,-0.758552076249816,-0.272967409921584,-0.361059981217439,-0.655531049103622,0.265097630659638,1.15752806154866,0.0596585731211746,0.0800716321835515,0.224140177626524,0.0800937369568547,-0.262422473047296,-0.149327211804791,0.356213341001809,-0.80121581272003,-0.743349336042055,0.0596585731211751,2.64603854624927,-1.22456804010914,-0.0690894277053871,-0.567906437165562,0.586364826022562,0.00831941402352418,-0.0271283966871362,0.597428719981185,-0.151226505513541,0.0800716321835504,-1.22456804010914,2.98834319625818,-1.96818781876008,-0.163924632188259,0.0403306926508207,0.413422363566488,0.172284818813253,-0.468258115933925,-0.573189762715033,0.224140177626525,-0.0690894277053884,-1.96818781876008,3.46532090067346,0.14697318046045,-1.18762277982105,-0.174812819588878,0.0090586836743867,-0.0288220838247922,-0.214677676623835,0.0800937369568549,-0.567906437165562,-0.163924632188258,0.146973180460451,1.00529252680562,0.0895619215549406,-0.664959014061715,-0.340317604640115,-0.336865347158912,-0.758552076249816,-0.262422473047296,0.586364826022562,0.0403306926508209,-1.18762277982105,0.0895619215549406,2.79582116983378,
values
-1.8443,-3.2235,2.5649,2.3777,1,1,2.311053584,
-1.9765,-2.9932,1.9459,2.8046,1,1,1.982153869,
-1.682,-2.4073,1.6094,1.9573,1,1,1.896607256,
-1.4459,-2.4242,1.9459,2.2359,1,1,1.992431042,
-2.7768,-3.0447,1.7918,1.6233,1,1,2.234845848,
-0.67416,-2.1156,1.7918,1.6984,1,1,2.310559218,
-0.69609,-1.8151,2.3026,2.4484,1,1,2.998968926,
-1.2053,-1.8246,2.3026,2.474,1,1,2.848393132,
-0.58784,-2.4456,1.9459,1.8083,1,2,2.418309101,
-1.9404,-2.4391,2.5649,2.4757,1,1,1.792329364,
key
-1.02468666666667,-2.11885,2.0066,2.1125,2,1.16666666666667,2.3664237605,
0.748278890650113,0.145656233984068,7.68739456451728,-3.15050625681653,-1.95559475544251,-0.376539173961194,-0.977797377721257,
0.208,1.408,1.752,1.8,1.4292,0.18,1.964,0.128,1.016,
2.72318495934577,2.27590069527229,2.39690127106619,1.44750718587373,2.53874057123945,2.18697185664031,2.27590069527229,2.72318495934577,2.11586067911555,1.1386744135018,2.23978678090944,1.76587577631112,2.39690127106619,2.11586067911555,2.72318495934577,1.78290075333192,2.50792292627599,2.3472295572861,1.44750718587373,1.1386744135018,1.78290075333192,2.72318495934577,1.62078946734428,2.03458924451003,2.53874057123945,2.23978678090944,2.50792292627599,1.62078946734428,2.72318495934577,2.31052597598742,2.18697185664031,1.76587577631112,2.3472295572861,2.03458924451003,2.31052597598742,2.72318495934577,
3.30302886368062,-0.686129028807255,-0.354665453648276,0.240550895279295,-2.01793698670567,-0.369588460946512,-0.686129028807255,1.35640624482778,-0.275727020865939,0.0594101286002785,-0.509171226255476,0.296738086634988,-0.354665453648275,-0.275727020865939,3.0633512997288,-0.304908070472718,-1.53027621899838,-0.650613187745897,0.240550895279295,0.0594101286002785,-0.304908070472718,0.889744447077838,0.0562612509008018,-0.681392304046913,-2.01793698670567,-0.509171226255476,-1.53027621899838,0.0562612509008018,4.65700098900179,-0.723555768625989,-0.369588460946512,0.296738086634988,-0.650613187745897,-0.681392304046913,-0.723555768625989,2.15540384049803,
values
-0.51457,-2.1193,2.0794,2.3209,2,1,2.713901098,
-0.49941,-1.4299,1.9459,2.1306,2,1,2.39893458,
-1.1322,-2.0975,2.1972,2.5217,2,1,2.527870336,
-1.933,-2.5022,1.9459,1.6341,2,2,2.357709448,
-0.77814,-2.1229,2.0794,2.3721,2,1,2.354846948,
-1.2908,-2.4413,1.7918,1.6956,2,1,1.845280153,
